size:[189.0, 189.0, 188.0, 188.0, 188.0, 188.0, 188.0, 188.0, 187.0, 186.0]accuracy: [0.746031746031746, 0.7724867724867724, 0.7606382978723404, 0.7287234042553191, 0.7606382978723404, 0.7606382978723404, 0.75, 0.7287234042553191, 0.7700534759358288, 0.7526881720430108]
remaining size: [0.0, 0.0, 0.0, 0.0, 0.0, 0.0, 0.0, 0.0, 0.0, 0.0]
Accuracy: 0.7530621868625018, St Dev:0.01442881650201571 
