size:[129.0, 129.0, 129.0, 128.0, 128.0, 128.0, 127.0, 127.0, 127.0, 127.0]accuracy: [0.8311688311688312, 0.7866666666666666, 0.8472222222222222, 0.7213114754098361, 0.8115942028985508, 0.7441860465116279, 0.7945205479452054, 0.8780487804878049, 0.7654320987654321, 0.8625]
remaining size: [69.33333333333333, 72.0, 76.0, 89.33333333333333, 78.66666666666667, 56.0, 72.0, 60.0, 61.333333333333336, 62.666666666666664]
Accuracy: 0.8042650872076177, St Dev:0.0488483731255985 
